UNITS MM,10000;
EDIT proj;
ADD P1 :W0.000000  0.0000,-0.8000 5.1000,-0.8000 5.1000,0.8000 0.0000,0.8000;
ADD P1 :W0.000000  6.4970,-0.8500 9.4970,-0.8500 9.4970,0.8500 6.4970,0.8500;
ADD P1 :W0.000000  9.4970,-1.3500 13.4970,-1.3500 13.4970,1.3500 9.4970,1.3500;
ADD P1 :W0.000000  13.4970,-0.9000 25.7970,-0.9000 25.7970,0.9000 13.4970,0.9000;
ADD P1 :W0.000000  25.7970,-4.2500 27.7970,-4.2500 27.7970,4.2500 25.7970,4.2500;
ADD P1 :W0.000000  27.7970,-2.0000 40.3970,-2.0000 40.3970,2.0000 27.7970,2.0000;
ADD P1 :W0.000000  41.0970,-2.0000 41.0970,2.0000 40.3970,2.0000 40.3970,-2.0000;
ADD P1 :W0.000000  41.0970,-7.0000 49.0970,-7.0000 49.0970,7.0000 41.0970,7.0000;
ADD P1 :W0.000000  53.5970,-0.7000 58.8970,-0.7000 58.8970,0.7000 53.5970,0.7000;
ADD P1 :W0.000000  59.0970,-3.2000 59.0970,3.2000 58.8970,3.2000 58.8970,-3.2000;
ADD P1 :W0.000000  59.0970,-3.2000 63.8970,-3.2000 63.8970,3.2000 59.0970,3.2000;
ADD P1 :W0.000000  63.8970,-0.8500 66.8970,-0.8500 66.8970,0.8500 63.8970,0.8500;
ADD P1 :W0.000000  66.8970,-1.5000 75.7970,-1.5000 75.7970,1.5000 66.8970,1.5000;
ADD P1 :W0.000000  75.7970,-1.1000 88.4970,-1.1000 88.4970,1.1000 75.7970,1.1000;
ADD P1 :W0.000000  88.4970,-0.9500 103.8970,-0.9500 103.8970,0.9500 88.4970,0.9500;
ADD P1 :W0.000000  103.8970,-0.8150 106.1970,-0.8150 106.1970,0.8150 103.8970,0.8150;
ADD P1 :W0.000000  107.5940,-0.8150 112.5940,-0.8150 112.5940,0.8150 107.5940,0.8150;
ADD P1 :W0.000000  58.8970,29.2000 58.8970,3.2000 59.0970,3.2000 59.0970,29.2000;
ADD P1 :W0.000000  59.0970,29.2000 59.0970,29.4000 58.8970,29.2000;
ADD P1 :W0.000000  59.0970,29.2000 64.5970,29.2000 64.5970,29.4000 59.0970,29.4000;
ADD P1 :W0.000000  64.5970,29.4000 64.5970,29.2000 68.6928,26.3321 68.9353,26.7128 69.1438,27.1132 69.3165,27.5303 69.4523,27.9608 69.5500,28.4015 69.6089,28.8490 69.6286,29.3000 69.6089,29.7510 69.5500,30.1985 69.4523,30.6392 69.3165,31.0697 69.1438,31.4868 68.9353,31.8872 68.6928,32.2679;
ADD P1 :W0.000000  40.3970,14.5000 40.3970,2.0000 41.0970,2.0000 41.0970,14.5000;
ADD P1 :W0.000000  40.3970,14.5000 41.0970,14.5000 40.3970,15.2000;
ADD P1 :W0.000000  40.3970,15.2000 37.3970,15.2000 37.3970,14.5000 40.3970,14.5000;
ADD P1 :W0.000000  37.3970,14.5000 37.3970,15.2000 33.3012,18.0679 33.0382,17.6551 32.8122,17.2210 32.6249,16.7688 32.4778,16.3020 32.3718,15.8242 32.3079,15.3389 32.2866,14.8500 32.3079,14.3610 32.3718,13.8757 32.4778,13.3979 32.6249,12.9311 32.8122,12.4789 33.0382,12.0448 33.3012,11.6320 33.3012,11.6321;
SAVE;
